7.653748989105224609e-02
1.200834363698959351e-01
4.927521049976348877e-01
6.764878034591674805e-01
8.620743155479431152e-01
9.054772853851318359e-01
9.758574366569519043e-01
8.979310393333435059e-01
7.878577113151550293e-01
5.723057985305786133e-01
2.809905111789703369e-01
6.345992088317871094e-01
4.425464570522308350e-01
4.696129560470581055e-01
5.122789144515991211e-01
4.054337739944458008e-01
2.473717033863067627e-01
2.310254275798797607e-01
4.442209005355834961e-01
5.235865116119384766e-01
3.050417900085449219e-01
