1.066272182534061130e+01
2.488655284309743365e+00
1.036106141293475957e+01
7.055373486624603174e+00
-2.345195197948442001e-01
3.790634958250223008e+00
-1.681395056880944594e+00
1.163122398672874169e+01
1.635372583988328188e-01
-5.175995035178630133e+00
2.461839563603234637e+00
6.944537530887373578e-01
4.249568599997587626e+00
9.229430708565473651e+00
7.714920068153787724e-01
-3.581611408190951806e+00
-2.623988711853257882e+00
2.627272782336262935e+00
7.281678708925596766e+00
6.519127715961303693e+00
7.146489330466465617e-01
